              precision    recall  f1-score   support

         ada       0.99      0.90      0.94       960
         awk       0.63      0.85      0.73      8000
           c       0.83      0.90      0.86      8000
     clojure       0.97      0.93      0.95      8000
         cpp       0.91      0.86      0.88      8000
      csharp       0.79      0.86      0.83      8000
         css       0.80      0.82      0.81      8000
        dart       0.96      0.88      0.92      4984
      delphi       0.97      0.93      0.95      8000
   emacslisp       0.92      0.82      0.87      2024
      erlang       0.97      0.91      0.94      4293
     fortran       0.95      0.91      0.93      5568
      fsharp       0.97      0.91      0.94      8000
          go       0.97      0.90      0.94      8000
      groovy       0.91      0.88      0.89      8000
     haskell       0.96      0.93      0.94      8000
        html       0.63      0.66      0.64      8000
        java       0.80      0.81      0.80      8000
  javascript       0.75      0.76      0.75      8000
        json       0.74      0.72      0.73      8000
       latex       0.92      0.87      0.89      1928
        lisp       0.94      0.95      0.94      6656
         lua       0.96      0.91      0.93      7237
      matlab       0.87      0.92      0.89      8000
        objc       0.89      0.95      0.92      8000
        perl       0.95      0.82      0.88      8000
         php       0.87      0.86      0.86      8000
      prolog       0.94      0.97      0.95      7427
      python       0.87      0.88      0.87      8000
           r       0.91      0.90      0.91      8000
        ruby       0.94      0.91      0.93      8000
        rust       0.99      0.95      0.97      6064
       scala       0.96      0.92      0.94      8000
       shell       0.81      0.81      0.81      8000
   smalltalk       0.95      0.88      0.92       553
         sql       0.80      0.85      0.82      8000
       swift       0.98      0.94      0.96      8000
 visualbasic       0.93      0.89      0.91      8000
         xml       0.80      0.86      0.83      8000

    accuracy                           0.87    271694
   macro avg       0.89      0.88      0.88    271694
weighted avg       0.88      0.87      0.88    271694
